(0, 0) => 1,
(4, 0) => 6,
(7, 2) => 9,
(14, 2) => 18,
(15, 4) => 19,
(17, 2) => 23,
(25, 4) => 30,
(27, 10) => 32,
(33, 7) => 58,
(34, 10) => 60,
(36, 10) => 61,
(38, 10) => 62,
(40, 10) => 63,
(41, 10) => 64,
(42, 10) => 65,
(43, 10) => 66,
(45, 8) => 68,
(50, 10) => 74,
(51, 10) => 75,
(52, 10) => 76,
(53, 10) => 77,
(54, 10) => 78,
(55, 10) => 79,
(56, 10) => 80,
(70, 10) => 90,
(71, 6) => 91,
(72, 10) => 93,
(83, 7) => 96,
(84, 10) => 97,
(86, 9) => 98,
(87, 10) => 100,
(88, 10) => 101,
(94, 6) => 106,
(104, 6) => 114,
(108, 10) => 117,
(112, 10) => 119,
(113, 8) => 120,
(116, 6) => 121,
(123, 10) => 126,
(124, 8) => 127,
(128, 9) => 129,
